1263104
397290
1261634
1235790
1262944
1263008
1262816
397288
478749
1262947
1262942
1504536
1261635
1262994
1226325
1262941
658086
1796636
2320088
1262991
1262945
585394
1763509
759821
2292311
1262995
1262988
2320102
37658
154046
1262836
2067550
610130
1263031
1262940
2320110
1836972
1855374
1880991
1263012
324602
2320082
1965583
1262761
2292046
1812858
2306574
1262832
2320104
879566
1262757
272129
1262828
2320103
2292287
2320109
1965555
1965562
2320115
2320112
1796618
1122155
742737
2293174
1263027
1965603
29364
1973484
1469948
2320116
94868
1552121
245014
116085
397291
1235793
2040638
2320113
1619234
1520820
1120996
2292271
1500254
1262863
1263071
2292372
1262946
1898204
483218
1798186
1262891
298653
2292274
633697
1792306
2292273
1235802
518636
1173027
399101
418240
1796616
1262830
1263010
598644
102897
357808
1262824
909613
397287
40520
2320098
2320100
326424
1262777
1262805
1262825
1780380
1193682
683316
267746
2064643
1781255
41431
1449976
1520805
1173025
2292272
573497
1263065
46206
1262773
1898203
682400
1263061
796942
106370
1780378
2292065
1121919
298654
588067
530584
99656
581036
1337936
535712
2699483
47500
1235800
1128664
1200747
2320099
522448
1834515
2596893
742740
1122247
1641165
322866
1804986
2294034
1262774
1068978
1761780
997894
1506545
1123024
65393
1712665
84725
1854588
1835005
1798228
1262792
490629
1519492
1892852
1938745
1705388
1609975
454136
36811
118163
28042
76022
1122142
1920490
345341
575256
405948
43354
882086
43989
118168
455193
1933778
211114
511487
1263022
2292069
95161
589385
471857
1855342
1938746
212765
1934309
1477506
91464
84962
1578199
1165092
2510978
68170
1912897
2547244
1263078
251229
56110
533247
1655439
491915
502181
103733
1855375
1834080
394193
2053003
115433
2478913
65093
1736354
543527
2072
1262776
13035
145857
664692
263358
111780
2716812
1304284
1629062
299152
1045776
60894
1520808
1965636
1078020
504800
2033502
230091
2604685
2487710
687388
1179773
715473
2303986
1271860
683228
418495
186479
497965
1873463
1523247
1173020
2483361
1736457
1200721
457421
589240
908846
765420
1718947
2530381
2070366
443218
945734
1877
1262786
1538294
102232
329726
2024612
1470176
211165
2559609
1181884
675635
33906
52771
1441095
1073574
2250575
1848
1834076
1912961
875328
273032
526226
2202420
2665642
1552759
321332
1653480
1840703
1173026
251221
342944
398843
489825
84022
1678130
247156
515350
525370
680378
1082276
1834121
560556
1872711
1854586
1564158
568872
1348429
47874
44010
713604
1522368
356852
482462
1608614
47857
444597
1173263
219305
2099693
1945509
2736640
1157490
1670831
429133
2591470
40571
246786
882083
2690346
75922
208602
1110697
1458930
1385510
43305
59750
53376
85968
129921
2518370
1715004
1520821
1453103
2559610
2559607
1500506
1125718
882449
161544
936594
2615178
1936029
1173022
294699
1618023
1450761
2107701
246196
1150591
1146883
28234
54910
39688
155974
2094022
1286180
2597516
700508
1299332
299146
2487364
37332
756689
1036182
2250581
2005459
2495913
1520825
2107694
696747
111781
2017
1236971
2713607
1223545
1839754
1856859
487514
479435
515622
1793
1076124
1973480
2486264
1538463
2014873
1183438
1844469
103808
665004
332524
2663237
291594
316274
1920663
2107688
2512213
45979
313612
366584
145285
1869
664784
1823
402297
1682113
1855323
477641
2495421
1932621
2341080
191292
2030
1198245
89784
2219043
1435356
1288362
76726
1872138
449447
405436
521098
2592811
1641402
2052836
1305675
1880
1834117
587909
1856861
644283
401976
2559608
2420509
1973483
1564114
1834073
47865
2175674
1096856
159292
1547283
2665643
1397368
1262583
2029108
2497753
1550230
1763363
216594
2018041
1806508
673521
2485143
1490057
279262
189918
103690
138336
2250576
2593070
2512215
696763
1925591
1690815
2315464
1263021
135947
1520812
1434822
53356
280871
1747766
272558
2213200
56425
1213861
260086
134849
2585198
1185650
2529275
860235
2005458
526225
1736291
2107698
2675850
1296344
741277
1344003
1800
446462
2512217
168276
1108045
944560
228602
1206980
1246995
927668
1922337
1766
2005462
126673
1005945
371196
2530375
1299330
649831
2662361
99598
766136
83332
1841861
521096
1300347
447716
134676
871571
1891644
258533
1622177
888056
350058
395961
262316
2107700
1482732
47858
2074
1045774
154654
317936
996641
1871072
165597
1423321
1834111
559628
1168287
1133849
190195
260936
2321396
1736488
529884
2036016
1127134
52697
1299328
512565
197221
995066
2107693
2706046
1827144
1262870
1121927
431943
33936
2552189
864702
1241906
154117
710696
348442
313624
930129
1075090
398511
2593304
300028
1534348
2250580
2607660
1736571
1124743
2569762
2597660
1428628
1520809
1385513
1736349
663609
112903
2080302
2045
2653204
1798227
1882769
1431246
2175659
1140
2024580
2015801
2024553
2005461
2587868
35761
2589797
1170562
1223543
591001
640635
2005460
2507582
1858794
455432
38310
1121318
1677858
568899
316330
1219581
661483
185008
1548597
40318
82654
987040
483545
52695
2133958
442709
117157
63737
110539
2340916
35752
2607529
1221996
2512212
1223542
1423792
1027620
2665158
29311
948102
2487415
1883427
2021690
747365
1561023
1867
935844
152268
1457234
2789776
661485
1262993
1112204
196162
56107
1609098
1545728
574700
284579
439699
1233231
1121324
352858
2490946
1206085
1479485
1736379
512762
102125
1122204
2582905
1245935
1967502
2419771
388467
1469144
1736600
2038116
2512214
2567941
715784
1402861
1131731
272631
203124
1077974
743718
1873464
373994
1220583
28072
2691959
1076126
1214242
444103
1885
446471
1121326
1286171
220927
2518371
1657
28045
2585199
1223544
28064
1138585
1299333
883066
77917
1313067
2555897
369723
67386
665007
2682843
2585196
562970
1004901
638953
1355015
1881052
1834149
2020325
393763
1385512
1392
995034
1940
1273125
525246
679318
226900
2175228
1671698
1205910
1990687
499177
110319
1764569
1736607
632772
1790
1089455
1390249
1519494
1446794
2321393
1415166
2763006
671072
36849
195253
349313
2593677
1552
2364879
85688
146536
113562
2080748
1855351
1587522
1385514
934019
1111708
1137096
1736439
676201
1734049
56427
1617448
2590549
321967
1076125
1517881
1386082
699879
2174846
2340915
1453429
471856
2712223
943815
153494
1246484
1236970
2173034
1517589
549789
1840095
645465
2800381
758803
1825093
1736311
1792
620910
75695
2510111
2714931
1884916
1930071
386490
1184607
1798184
377431
909626
1003195
2768454
1150625
1736282
640132
128403
46234
1936993
1712029
1652669
419650
1907575
1434829
2497878
1736475
2650750
317664
1499687
1938836
187272
37928
584657
877406
2706027
1204385
551115
548479
2080747
279828
446466
1605990
1736329
1850348
630514
435830
1428652
1714355
1960156
943816
1017273
1736285
525903
2546320
2016499
59561
2594265
1902245
1609103
1869167
1538144
585455
2339232
2173173
1223523
1780381
2029166
2512155
349124
755178
252230
592376
568816
574376
1520811
1331668
1898
2016507
1725411
2706094
1945888
1855349
1262819
1628751
2485186
1305826
1352936
661399
135826
1284664
1470557
35700
1917525
205332
457427
446468
1946
860221
2545247
2015203
266940
526729
36805
47763
2690321
285351
1907
1736908
710705
393303
2049295
1434837
312285
42236
2487416
372484
2293571
56055
2080746
1678012
1736322
66876
1844
936756
131109
85682
680198
866895
1653478
504798
2607479
1052
1214101
1940762
1203592
1229268
2485200
1262950
207608
1965545
67285
284043
463642
333138
1794912
2663857
1133546
68262
2665496
1128680
1739111
477245
67350
1300344
1245923
2079792
2592334
1855348
1090615
1891671
1385511
2530372
888439
1499688
2014872
1184609
446469
1196353
546871
1690245
2690254
1005944
2706058
1609095
112901
2099583
114686
292563
2690338
515326
2489212
1262452
2058924
1262884
2496867
700597
1519490
584708
1519489
1677857
2690277
598650
2571141
1423790
281093
58117
985250
1510026
2305248
284040
68182
2653157
1992
1743142
2201891
66425
2603292
1736567
1519495
1236973
1814289
2293569
1839780
649638
58340
1235441
1262888
545619
2377
1703943
953739
66430
1348852
2607659
2664430
68268
1283301
2600577
29332
2603222
253839
2711219
76728
68570
1076937
386892
1703942
1819298
2200760
1736539
2011095
1609272
67356
1415558
1123289
1168729
73044
2138300
1703927
53446
498761
1435466
98671
1714841
312284
1048205
945713
749414
2583849
864564
2203204
2483352
2182432
2487423
68203
68209
36818
2714939
591159
415218
1735453
162209
1621259
1958787
2714938
883077
1780379
2080742
698759
1736691
688079
1592329
1901
1736516
2566013
556530
36816
1262915
228973
2599293
55952
266892
1348338
2021380
1262989
1703937
290315
2218666
39478
1926885
1570823
2560021
2509457
381665
192814
2126346
1981512
1671680
1701085
889306
988821
2571125
465541
1915
227882
2666185
2563102
2478959
2036037
1736327
598652
1855288
2690310
2565933
2100817
2692234
1543706
285473
2303421
1716141
380248
2562283
13243
1803180
1880902
406100
156981
2033491
1907390
194439
2706028
1736553
1038928
2485192
2709311
278992
566461
1938860
2213162
232348
1761906
648782
1322334
2615112
1839759
134959
1882757
1415551
1938851
694435
68231
1440053
1718985
1522760
1678637
2690292
1945
1981511
2173179
563922
1609137
630520
33888
1225337
2590779
33885
1522757
1423734
284028
2690253
75293
471853
1095
1048394
83656
1955065
407159
582680
1078086
585531
2684468
2014874
708131
82346
2498145
415747
367477
2706100
903523
412690
1367477
310781
316280
2690312
2109333
457429
546874
720633
1259133
1172182
644383
1703933
1195236
1838281
1882751
235986
1827978
1828156
1172614
1736603
55404
1993
310779
490188
2662446
648780
2116684
2079791
28894
1945885
1144618
2690332
1919
2282652
324057
1385935
1262869
2320081
1266600
180281
2293570
52774
145458
1255658
1162967
46177
1542737
1805820
386302
290317
1159327
1423730
42234
1414648
1735688
2668039
2689987
2185284
1631477
698760
310780
1703920
645991
1188315
1133850
172042
930152
1532905
69042
1718998
2044307
2304605
1642303
1337886
1262449
504805
2509675
1464123
1255698
1736503
1839774
84292
452652
680646
2561920
2706104
2282738
2530367
1300267
648716
2742137
1246476
2267702
2056433
1736431
2563100
2079793
1220589
2511172
1909395
1122192
1384049
324925
1499968
1144873
297536
1783498
1294142
2576308
253184
2592654
100226
58109
2569761
1268043
290512
479431
862751
1469170
1123286
1064535
1262769
2690260
1211035
155976
2498850
1352941
489703
297
359158
2509459
471852
1286822
381431
1576605
640081
2530368
1868325
1965604
1655435
1815562
2136173
1423750
2614638
858632
1249553
1032480
1532552
1240678
1804624
1608957
1894
445710
2078691
2020324
1963
393251
285568
212423
2768446
359131
2664454
1844972
742743
2530370
1592327
82380
2014871
403935
1522762
2496558
1906740
285545
1295626
1263636
1736426
1386089
1736483
409290
33879
1121316
1803190
1291556
2500177
515440
2565934
300019
453573
446470
1848320
57043
2419774
120377
1043493
2064
582515
1839762
526218
2080582
1735682
930130
1494608
1817495
31964
1891970
2662397
2033
2213202
2596828
1645681
1264596
1423727
402171
2530371
1574623
995039
883067
1906324
2067551
228899
1732020
200991
1144553
2052660
360411
402648
1291734
1351585
1884904
209880
1274
1504156
888050
123320
574651
1855324
2203205
2706073
281105
111806
1268042
2163881
2448030
630515
565072
412689
1736486
593907
352211
1116391
743009
69370
1071400
1428644
1081644
1898043
1262798
1177594
2768457
1882831
1031538
310782
1305830
2292705
545693
199441
1519493
459472
291045
2666298
1297424
1616117
1631356
1348663
1776083
641146
340320
86416
2203193
302980
2717324
666686
512399
2070368
2585200
380244
1358026
999931
910347
240840
1973156
1075402
1804758
2053728
386301
1627895
1114943
285458
1490222
1535768
33025
2530388
1904961
683260
1121291
2306585
2016505
2203200
568860
390269
2576891
2486026
267850
1714840
2654547
69368
2054168
857290
1479651
717606
1609133
433647
217090
2565925
2487137
40754
138119
2022549
2268461
2304573
1807500
1171373
2485188
2053187
2021362
698954
1848460
160660
1255570
1442032
1736362
104336
1427523
931535
1293598
43671
1641811
2706016
81857
285983
2231787
1965570
2764322
2293568
1742774
2562581
1384057
2742136
1920889
2690251
1117987
1618207
1413210
1965587
484498
1588754
439292
472759
1473546
2661913
1548213
1330458
1737066
2569853
2509458
159449
633440
2045244
517418
146817
1857892
1259182
2018025
1619308
1259262
106412
664640
2026094
993414
705336
2735133
683150
1736333
1882832
85336
161355
587636
1775956
153731
1650658
684364
1708751
670052
1550565
554312
2080573
244830
53458
1529318
1775951
582686
83291
367743
1403948
572544
2662258
1141874
100469
1126833
2676122
1911520
1839763
1423777
41988
1610493
479432
1423810
2491044
1961794
2653201
1162970
1335757
398512
2672569
979746
2003551
1470592
545501
2490545
1217721
2678616
1714373
857417
2173174
1001240
1160719
1193182
2086571
930114
2603275
106634
2594883
1123397
1736234
1834198
1860122
2547960
930118
1437610
68270
46176
2169540
2740164
1156937
436595
2052941
522319
674079
868864
1385521
2512118
947969
37921
509200
1727216
288705
2609291
2761496
225845
2320083
930171
2565926
469383
2721173
37923
2488791
1675686
2606616
2582848
1736538
996637
208480
417292
1736496
1380770
1502753
1344956
356829
2545468
2116544
686666
1259157
1806905
1027249
290399
178340
36807
200989
51671
1260251
1423729
2547395
334253
1571833
1080068
266130
888062
1255656
1736550
200904
1566278
2219663
485913
554083
2056849
797515
2664894
2499157
316278
1255613
2663847
1600
2499688
2592652
521011
235985
2483813
262209
1298593
273678
206672
1838286
1077972
642797
158787
103836
1263068
1462996
313589
1736341
1338436
1081613
1121279
948458
2493120
1682741
665792
885475
78343
1423769
2067453
2041
2666256
1545442
2485156
1437607
2294115
399497
199591
1079994
2283196
381306
2562524
936589
1122934
2211139
452629
1920422
926550
2575923
84588
571913
555778
1766620
2126983
1408103
49186
2711217
2171979
484020
1395513
135739
1529066
657409
1191523
1736570
2315329
1526927
1072463
2293572
1609100
767434
48
1849032
1526
273677
408015
679926
556325
92442
1423739
1761803
234267
2479848
1736232
1440762
1630172
1526735
2597518
400772
2527873
450362
876478
1229521
1461
1332264
1465501
133270
1927960
2597822
1408250
797114
2650774
1863
76637
1437605
2306975
1559339
1664
1121338
2419505
2695267
1779382
2509455
2600177
96942
1263072
1867410
162496
170367
1401067
71253
2137198
1855377
479433
243365
2559236
517424
2610880
886882
531814
418699
995038
1302241
716817
2081970
626939
2739434
1178515
1923971
442563
2053044
1927959
156980
290318
2493665
1503961
392828
1423731
150177
55969
1308866
1761880
1765722
1288826
2182787
698738
2020377
377629
2052574
2107713
335973
1229781
340177
1822233
649639
1302244
862114
1704044
1904640
1681197
1033802
92835
1193181
273384
2676123
1562256
2528011
2161865
1494959
2714933
2714935
393595
1469647
1133569
1778678
1209778
421628
675864
1712516
1002809
2268447
870187
173053
78345
2584524
1855292
57480
1261637
1628212
1286094
1144275
375489
754252
1193518
1009370
573061
642589
390333
452637
2491059
1194090
1348253
1520826
2014542
1898103
2650748
762211
1437609
1396819
2528008
1304275
2282381
1304903
2594790
456442
2306974
656366
1213358
1302272
75385
2022547
1916956
2496267
2079485
395493
497321
1749
686624
183763
1302243
536
375574
1914304
553468
525918
1437603
52689
1263625
2565366
937777
496014
670078
1572656
1194083
349521
1078085
1601833
1302242
2138576
2661937
78344
867345
1653207
378806
1457250
323261
2528023
904291
1688
54
1977292
2714934
1884359
2020326
1608213
1700846
2200906
1660198
997355
47847
1437608
35763
2656650
108003
1298598
650891
2211119
141451
1642040
2704462
151549
1778590
1505727
2136175
568106
619304
1930254
2026763
1192162
1608419
1736562
367928
1122209
67267
1341695
2560052
421052
292564
2315694
1686285
523701
1907941
32051
83449
1142394
557436
2570927
46677
2039467
37927
1849249
1742972
317
2052143
323259
59931
2005884
2306976
1965618
2565932
2490538
50340
2304677
1906741
1879049
1697557
1230466
1960827
2479849
583355
1292023
717774
1784719
85643
1403320
46679
1849360
2575442
2583808
2565930
1914305
1341694
2498135
44252
2698684
1392540
1579979
1420916
2045441
2501295
1341683
2233853
1232683
223283
1813880
35760
2306972
416169
1296538
692036
763993
1765219
2292358
2708063
2527982
399736
1105031
332411
1291052
1407071
1689449
1690485
2021234
218140
1303518
1262871
693977
587635
1348657
2511171
1123367
1114970
303
593750
1121476
2571148
33978
2048654
1276920
1736540
157779
370764
2419778
1881057
216142
2602750
272562
53442
1501230
472
208964
317577
1293441
1945860
2293433
2714941
1510197
748280
394096
1215092
1179778
1884358
2564100
1671902
220668
1229780
400777
1122198
1056496
856730
2713569
659425
1255043
1810504
1144669
187981
1570016
446860
1122219
1028989
1871111
1454001
1432792
1801629
639283
320771
203122
2292047
114
2732249
666681
370736
1928331
1454005
1130798
41977
1792290
1423733
2502783
2321229
2136183
797210
1750719
74547
1415568
62977
305900
1121029
64702
1750597
64471
2509456
796606
2527975
1905276
660521
2668068
218139
767029
2592383
153948
1821621
2799669
1637999
2320867
2052832
1203605
2026658
1693
2614131
1977876
904039
1278073
487184
391936
351052
1969380
1965622
1736521
488533
1341679
471514
2035413
930169
857265
665467
1454000
1294270
1732569
1434100
160488
2563443
484770
229921
1848038
1510150
946573
2589817
243233
1550235
1245471
1294267
1692
1066
1149862
1227360
309800
119981
77635
797299
47884
1484056
306541
1897630
1735038
663704
207949
557598
2732487
1702325
425504
1825523
2614442
871585
166793
1630173
1582270
1236976
185243
1227494
391597
198107
1261633
83765
93059
319795
295068
29545
137658
657387
103891
2045438
1945854
2511170
2049589
63740
886293
2651628
1144300
1122207
1280514
230495
1188247
2528527
52441
1317117
1860102
1697053
387344
1439940
2706888
1423804
937775
1566358
221359
2715678
399739
1121939
745820
1423746
1926491
872970
2739061
1897620
134
197479
177413
1520816
2010829
64969
748120
2528018
2491050
305700
2135754
1007099
1356306
213588
1712262
1053647
1842540
1502764
1423782
1452487
264462
1653064
1069536
2484250
743720
1977882
479117
1005395
2211392
1122252
2591008
1420851
1223518
2490544
155197
1843690
1262585
2283318
645616
987063
2202254
1123323
1032488
349095
1380763
2676064
1881032
583345
153491
379731
34062
762967
1379270
364032
391615
1236179
2161867
980563
2674991
198616
1203554
2593654
931626
233100
1848601
2174842
1236608
913865
2133960
1716176
1850362
670482
1160091
2528020
1604022
1408889
2067960
1230457
1720063
1395571
768066
265719
2491049
1955714
195064
582744
1960125
490759
64971
543526
1302376
1897632
1789224
76114
406548
200253
1897729
43667
574349
794903
2511069
1324314
1985301
2016596
1134406
1881054
2737536
2516328
1938604
1452508
1520819
157783
1387353
1849840
1678128
1321816
1196322
2528245
1026882
1100704
1302730
797303
497964
119000
1462440
1328314
1392877
520092
1981174
2161748
1262865
326968
1435465
261292
133720
1049336
1123357
1795827
163359
200124
1729724
396588
375175
585506
1225564
51642
254161
959
453783
1499686
522373
1227363
2682977
1882682
1938817
83767
1245526
414771
387092
1163408
652876
1691940
621096
1886670
1548547
1187852
292415
994573
1163617
2706126
575540
655353
96773
573600
1636152
2603204
2653936
200126
522306
343235
2594795
1475481
1403945
1940822
1114972
1273429
754477
966
314283
2320857
1882734
1041766
379066
1566279
2058214
1121015
592308
1120955
670291
227605
265072
76731
748247
281375
1454002
467091
291169
5786
1437606
202750
2083153
188937
2161864
225345
2183985
405005
1286106
244735
404589
2026236
2593301
1437817
2108360
755307
1559896
2528630
491954
580332
189425
1699623
757424
2479851
53254
1907408
1658742
1144319
186651
242606
690879
469382
270368
243090
1111454
2020506
81409
1324935
641107
706570
765914
1778438
1552750
375286
2283630
1434072
1185325
1748243
284577
60216
1745854
864069
1884352
1101195
861360
563192
2202828
1514971
418702
187303
269796
413882
1301098
676599
553151
1917182
330214
1121942
361077
169760
653930
2603899
2483111
2666328
1288494
1457365
2496557
458233
1796921
2507060
204773
470453
1713724
1069534
929558
1522316
154288
1798205
2598579
2494234
362976
1423813
1908690
1054147
637616
1632867
1091494
2018669
360911
376427
1945521
2316527
1706046
931276
1844971
1423781
1077255
1289167
2478672
883161
243231
1736346
332522
2024736
1855333
1492922
1903056
34060
1458461
431059
52442
1888893
2213058
2109933
1565605
1121881
457575
1121001
2498847
1889778
1268072
2094561
1548123
2259620
2004995
2133943
2527974
2546226
697282
1931241
935283
1035707
392597
1097667
1435342
2653851
1765967
579484
228410
47885
2483112
2594003
34059
2282306
560405
2651627
278959
2496102
2480626
2080755
2303539
1300342
272630
333368
1855339
2507162
2583377
1905845
546414
983917
1848039
1121014
937772
1233
2282131
1763828
2220073
2499852
1735686
2231055
2561929
1223802
1867846
1799662
546271
2666100
1543381
937450
1182568
44576
281362
1120658
1883416
475662
1680762
350
549386
745776
304
629741
742823
990288
563040
1736249
1137799
488485
1727196
2499835
2054178
2483800
431061
1234595
1808979
2692199
883126
1381557
36861
272624
2606216
469381
1881043
1685380
35799
388408
68895
1917811
1150469
69960
1453999
861299
305977
321983
1524254
2507935
1188319
887327
1036778
1736524
2714937
2683284
113268
2580412
1295366
92487
2153361
59920
575594
1630693
1238428
1203578
695939
268407
556269
29571
1684789
1736272
1434831
190485
44689
1000569
417367
1248727
861450
2528639
1914471
2604941
2304600
1881035
396268
2316528
220754
1309411
2714738
426355
93369
1549810
1196094
2496871
743974
1100724
200120
1985873
933073
2730357
1736522
717772
670386
2528202
747076
242231
460265
116849
465721
2032582
1978229
1412872
665942
364197
2024824
29367
426117
494
28885
1263063
523791
1658665
1736544
1073196
2570229
2248
2709383
2035415
1502851
406341
442341
328517
346911
637679
1118153
1763538
2292256
1454004
1881038
167539
1962975
2650971
1523417
323848
888741
416873
213554
478
2545719
1519190
1122245
1296669
401470
946333
1613
223900
167546
348151
2054903
1968433
869212
1736364
45073
2082949
1881061
2763117
1495144
2320862
2615211
2080658
1884373
1948890
699431
1736487
77098
1736557
1045855
249408
1502758
395494
1419722
914150
758825
2742204
1005048
1198452
1778437
70586
1117647
2448032
45068
2200908
1796491
935263
1336806
1736464
1561204
927083
1177755
411464
2032581
2590022
1429083
323426
2293567
1818881
1423742
558529
311410
1176176
547122
1178482
1736549
759362
1649647
857087
744406
1881045
50259
1842539
1547516
429728
2682781
655015
1262976
2099400
1855286
2584466
1837344
686340
1523424
2340
121719
243159
1423726
147645
28181
83406
989403
991905
43928
69
1499308
582607
1638099
1715691
1855400
453837
1917421
337701
2216978
28091
404380
1760988
665118
1955422
1121477
2511995
1736251
39480
1783274
2022803
1549812
454601
709839
1581680
2608255
1144342
538381
1027273
595589
658167
1868589
1236966
2083786
454
2602067
668570
2599600
2591009
1121013
381666
795666
2498109
391905
45067
1981880
1645665
2072590
490829
2202149
555874
1010610
443610
314271
1768242
569857
122586
1461337
2015577
1144343
253703
1505037
215580
1412874
631454
2171755
1321781
1054217
1082479
944564
1131553
2032626
1736318
1867719
264198
2202825
1704499
2488730
1229783
400837
1313172
1236689
1855285
420662
1122188
1397108
2714936
198484
659018
1121915
1581557
1483400
29283
398199
1333996
996166
66969
1406431
344882
2204170
1217418
317025
1678028
2716717
121290
44574
944559
215690
1082931
1107882
1604334
1549748
1300345
269799
187490
1230846
502025
478448
80878
993689
2561931
451
767519
1860101
1193007
2015564
1639690
2499833
1917218
1678129
2692176
140057
2065820
1736531
2052164
429727
1123237
2602016
1412871
665126
1412873
1867952
1049986
273121
1524097
2599399
1445661
2735891
384765
985012
2290922
1123029
2820523
2675053
78245
456
42256
51670
1031594
176279
1823759
422277
361041
1876515
2572881
463044
1335048
1264899
1538295
765911
1792508
517719
326298
2608632
1736576
84531
2509454
2072026
2714858
2015563
438753
1896164
698758
1549640
440168
1166950
1268622
1736587
1121877
1385515
1263870
189518
2591633
288768
1706231
1820333
1926873
2493092
1386079
1882774
1247510
2761102
708113
674703
1641875
546263
1169855
578943
45076
1029756
1781167
1173584
1114856
266264
52
1070774
2056841
2490941
384678
2126741
197461
870908
1686310
683354
291331
1460635
2580413
980561
1501432
1036180
2510646
936133
2494550
1792498
1437824
1230338
2565273
1618204
335406
1288298
1855303
80876
1383850
2500533
314722
1197861
266834
345632
1936990
1250539
441119
266117
1881066
2282655
401562
1030841
1247867
1349767
1855313
1470200
1389932
2509717
428993
1312363
1592106
1249552
1120981
1763535
2497863
1944133
1149773
28092
1416803
2234134
1380412
2267230
1817405
2493089
1122185
185139
2490847
634155
1077947
2015570
318586
2527987
1736316
1799656
644221
2047720
1605891
1849176
397945
458
2015565
434014
641147
1566387
1238
1736612
475083
393663
2487931
1400863
2486419
68292
2599412
547045
380358
1094558
2506420
1736433
1945864
69279
913325
1891921
2529384
2070539
1469502
659006
627131
34004
1235591
929563
338969
569860
2710882
2283626
709032
1166073
1643323
2512125
1054996
257313
393278
1736489
2015560
340100
2710650
2493639
314345
2320863
1849170
2200892
287752
2708020
2249812
1286631
2495593
2710884
1736336
2559597
1867749
395495
2774151
1522312
1287292
1172190
203123
2499834
89187
1736481
1882821
28210
1736378
91822
1085029
1116472
35804
888742
1387186
1144318
576131
235279
1798805
2169400
1327343
2686094
1229727
1297570
2211140
279832
1339210
1881030
148604
2017482
2083498
326475
154981
1759059
402881
1612308
1579316
1485217
196587
1192854
1387883
573065
60547
2006110
2494374
1652492
2137479
2067669
272569
1231190
1914409
1045004
1538553
2083017
373675
195913
1535962
1603353
1758194
93222
1470561
365046
735517
1706195
2499851
1853278
937218
1834205
1217052
568098
1367847
595460
160808
717785
578942
336292
1773489
2509614
765698
1385517
2230886
1267769
1324796
1571470
744980
864051
1688405
2045209
1945857
890420
1855383
2072018
1736537
240015
582675
1736528
439375
1416753
1982044
351016
453842
1532558
546266
2528010
2030806
1484693
641238
1286148
1276757
1293439
1608407
2126341
536018
395963
2603660
2170551
1133106
2558362
2651974
267608
1007105
1851577
1199154
1411902
1262977
453582
1848292
1524263
743721
1280952
2675054
452
1280941
61644
2498111
395965
2294033
2015568
2528244
1085028
1736477
1125847
1581067
1736473
1610491
103855
1280950
150831
331869
306545
441112
45056
354351
1774971
2576038
1461694
398580
2596921
1736373
877384
1523428
1482074
1795041
1473586
1882828
160492
343013
1317114
416213
1504672
78229
1439888
1882827
933059
795665
525640
1217970
1122169
1123069
1490030
1280846
2483812
2094193
2294114
232721
2341112
2015572
370622
266779
2478744
1120923
2065379
1591409
1987723
627669
180197
1445510
696762
765910
35806
2565783
573060
886464
1225651
555512
579483
2320859
1188250
1827501
2175247
1736429
2233851
1884310
34006
797302
1162418
1889770
1079
268739
2211142
2682844
1114924
254406
1746199
2003592
1077935
990712
1073996
596154
505353
2201899
935850
1295009
908946
45670
2716225
1685382
433924
1049972
688245
1185652
537971
1300307
1873176
2004467
92947
225992
372072
2086263
2259340
1914756
1395608
1714344
582899
690417
1031541
2500179
1926494
1470563
266128
1679460
2320865
1549641
2608987
1608628
715226
57489
942865
360910
571298
2028345
1123755
1529041
2070369
1121022
1176533
1408890
1736443
2547961
1188229
2292075
2510645
396013
127458
2419777
762836
1429916
1736381
1225657
1813876
1189325
1985169
1799370
1577791
2527996
996342
1736365
40335
2560053
47994
2503024
388401
1105367
1494590
1715693
1736345
765913
187868
2201350
2049319
1537710
1547922
364030
2478468
2485113
2485166
2527995
2699430
1670800
540747
1679495
2541728
335020
2692189
540251
1192054
2015567
1882748
272942
631362
2109331
2653183
441103
553814
206506
376733
1220535
94132
2021368
314265
184748
245188
265175
1945662
1206336
879212
1383851
472175
2109914
1002870
687525
340021
569882
765912
1825976
1333998
207745
1537215
670155
2035344
2135643
1915309
171674
1280954
2029104
1492281
1736237
366522
1851544
1736543
1294297
28094
1902579
1675788
1697043
1736511
2511025
1913989
1502724
1384459
665038
1851146
2052957
1214225
1871071
391937
464029
450851
1519096
74031
1907412
1930667
1385625
2603819
364199
2530451
1508390
414052
53501
1940612
398767
528178
908337
282683
1330072
366533
1882825
2072936
2004800
2571746
657014
1903686
123899
1882399
1449351
1966466
2282382
2714925
525371
83401
2137193
1826607
633149
876364
1398085
1123756
1523422
1120688
1736384
420403
2174844
311402
1391654
1122133
2315236
252305
1294273
83219
1566262
1906744
1529068
2060726
572477
2419781
1605283
2172121
2175229
296591
206403
568105
224911
414684
1792307
2527999
1123501
2497686
1564506
2714923
1343159
2527966
456481
193
1938796
762213
2259133
279808
1817963
1461693
862719
38815
1673631
314230
560819
714899
1469613
63
411684
1262986
2305467
1930275
1238182
345167
658057
1675527
1848616
28101
445709
2301226
1630136
1461582
1523432
99655
404881
749222
661367
498211
2008675
529704
371731
1064539
1977908
525909
2603818
1031537
561184
933949
1979269
2569542
2592070
2609175
1608422
407234
1855300
1031542
2567896
2026734
1770053
1736355
633131
1429082
2303578
2761530
1701573
2184758
2742145
2593303
260084
32013
1736287
1454373
2591463
365340
1188249
1795631
999627
2306993
1542388
2303330
365044
60549
2320272
1100707
2572036
34073
1121003
1086013
1247936
152489
391616
935260
2562762
1850250
1688639
758793
2217661
1028800
1926878
696760
1550736
67855
1868793
552518
716789
1207055
2665648
908627
114615
1736353
2589815
661478
2211104
1842537
1123231
453575
311403
28320
1842533
2709382
453
36863
80881
1967501
321339
29379
2170577
243261
947919
888845
2662447
1287727
1462993
1907415
1317111
1774968
2480588
863227
1125979
1225655
2712222
359391
1439726
2040649
1445034
1365950
1447782
1940533
1620421
1608942
1945512
153493
2015578
931074
2067452
1212491
391589
2613962
375451
1841654
2029116
293089
53463
1301087
1317116
2067668
316056
134537
474950
1300350
215590
2267262
314231
29448
911205
266265
1133559
871741
1736465
1571199
2656921
61595
2527986
2518983
69666
1121117
1317124
1207063
1417228
1867956
439529
2528004
589035
1985170
360241
391038
1189126
93684
2585369
1395944
34017
2135793
485914
1917863
1871086
1612624
453246
1192124
316055
1332080
686597
1034943
2528631
621374
83784
398578
1510457
1458307
380675
172901
2528015
314260
1123062
1537917
1353528
52704
1795308
395492
2495581
2601869
872330
1101373
2305226
871652
272560
45065
176299
2004468
2650924
768671
195105
709797
1933035
2029849
416943
416944
2182425
1211777
993047
1144314
2562948
926566
314237
1449350
388399
1457173
1342299
164332
1389006
640512
1329909
1632865
1408164
2170575
2259333
1715348
1247726
352475
504832
573024
1071679
1208918
2665159
2305225
75310
571255
1185920
2527968
436017
2691042
768535
551947
1803916
321267
2116701
331696
936889
2692916
1122214
314256
245187
313368
2707176
2211117
2026785
1907313
444923
660517
1385594
263067
360316
525898
1325564
1842727
2528016
242163
1293442
1884365
2695268
392734
1480615
2528002
42858
2043170
1736462
2041385
1343899
1122156
504468
407020
2561925
2022747
1920512
2293836
1184267
591205
272943
1735693
1111071
254357
192222
29408
1842532
448385
2676077
1981099
522484
2528715
74348
2512149
2588711
1544867
1486262
2116657
2510647
1041138
1114964
420953
871651
1736436
1917485
1391910
1972867
1510460
1389004
2605946
342451
565050
1736330
1855912
570446
1543721
2008318
2743470
207340
1913988
2163011
1514904
28066
690566
940136
190650
1265738
314270
120107
307643
198092
159450
1954207
2599296
1346791
1231392
1736563
1324957
1187851
1037362
570835
29409
1122189
2303751
1855519
274592
1434191
34002
879274
2527991
2752305
2017595
930138
484088
282197
2066022
2712852
680125
1162282
626418
189873
933063
2698830
1981098
1970199
41899
1227487
2184063
1882747
1822225
2040651
2496640
706434
1223565
1735121
1508389
1110502
376489
1544451
1853682
1185766
2305907
1458425
1616823
1639689
222136
1144307
2203891
37448
633194
2705421
1251
2613842
1852022
883165
452662
393310
2015906
935700
1523420
1736442
1662395
2496639
1854500
2562655
1560006
1389005
282199
1034346
1094489
2506423
475081
1050370
2599923
2042961
395019
314266
1150626
1713725
394221
94
391735
70448
406547
1739315
1819565
1385369
1165841
1690039
1176539
290400
990373
2015571
246195
2527972
2023130
1325472
2291023
45498
2068657
2015905
75379
2590452
1365108
258594
401053
2479048
2478470
530564
1577905
2528003
1549855
2608384
211
139438
13276
1736301
521674
1686064
356660
382514
938405
2292771
1987165
1379903
2489174
2681465
360105
360107
1317121
2116704
364200
2586908
1852017
1977087
2202148
2527998
883081
1054213
314254
1402135
2015566
1736219
1198114
441209
1445552
74033
391624
32024
2292257
388466
2602070
2182384
2528009
1323
580166
2528026
1476196
1501240
2750658
2555898
315423
2528022
943830
1519374
1979270
1076
2038397
1166323
2592816
517720
3218
2527990
889272
745311
75658
2072420
424902
135719
2035428
2552942
2184016
2750659
2561898
1513793
1307763
1874362
323097
1030157
2605748
564137
37625
1166257
1930274
2067065
2681766
474952
140314
582402
1335062
2739433
1660080
204669
863522
155866
2697033
29421
908842
1855283
1325130
2528021
313367
2703788
420998
553220
1387277
2315689
2547833
861865
1882773
1822215
2528025
2528013
744979
2320861
2512131
1780362
2488809
1262962
2714943
1736370
2230885
2681467
634430
2528024
1736595
980254
1524460
1963862
2602289
941907
74349
1357399
2650471
28212
344747
1735685
320497
553219
1921510
1978525
2601267
2528027
1736501
161528
2569543
1549858
2058213
1003237
1632864
1329250
1736216
1612202
2483814
301154
1441467
1963835
254356
1208583
1166340
1123272
655355
1219043
1849171
1592629
1331910
1168034
1965629
349163
1141887
2725558
537970
1860125
1920129
216
144026
1442381
390807
595453
1848928
264203
512763
745310
889378
2664442
2319844
1262873
1332285
1123269
1267768
471875
2307003
645517
172044
2036206
2579971
1121416
1888892
1141889
477690
1285242
1071
627192
2710922
1263009
2527868
89524
2005002
188906
515897
1850238
86956
1736215
41875
2675225
2484537
1385624
1985172
2529389
1986146
2711215
1736343
1357400
1523416
1628158
1862672
1737568
862135
1517551
225324
2320269
2602767
860228
2653203
2315862
1229758
887898
979970
1548018
431944
1736350
1244531
1267766
1523415
1985879
1736594
2527983
2056845
880071
361183
1235835
887896
1409788
1261403
2653171
2060312
682795
1141890
93064
1437059
1122930
1044
2572576
1862950
1926630
1032067
1121409
2292269
135569
657313
2174845
2495580
1915074
152682
679200
1122208
2315330
543877
2321404
119206
1235796
1735683
1168035
1121950
655812
2479007
411483
1120920
1123282
1262965
37372
2528005
392009
2219696
1120919
537013
1122177
1246
2528007
1703343
2689391
1481457
1316679
1859131
1610492
946483
450378
1263025
133190
2292191
1262872
1263028
1822240
2054227
568099
314225
392499
2014804
2065189
1348774
1077936
237727
1235798
797419
2683649
2070537
400092
1564516
2584094
1484053
1263073
411467
2283317
2004998
883113
91560
2291815
585501
1965569
101383
426704
313628
314278
1048380
2217664
1808508
349741
1335613
1849021
1965642
2603253
2184082
2268026
1735012
658655
246199
42322
1380357
342108
1965547
388950
1938619
1121322
866775
1523427
1294296
1353778
1891926
1231351
1566282
1642646
2547601
1720083
1764295
1379910
1965627
1262955
2599297
120956
1458358
1813879
1941349
1702221
1237149
2700082
39960
2494375
192903
1763537
1639118
371602
1262898
1262848
649756
1908524
158500
1262802
391165
280699
2282308
60246
472582
1262892
1965575
1307839
658085
146474
2653151
658187
1111135
479437
130081
104662
1120705
1965649
2607655
2494560
1862668
2584124
742767
192904
1480694
48936
1945634
2704465
438751
436663
1262983
379075
1203606
634771
445972
653733
43143
1215343
1869227
1965576
2040648
1784712
573321
1905359
1520823
1985174
1826909
1576369
1869212
867904
1227945
50743
553973
1263004
1400979
1739690
1761453
2305463
1348853
746697
796943
906968
887700
1096930
177439
2527969
536979
304378
1453352
2682778
2161824
28139
2419782
1965573
393003
651663
1086393
558155
536980
1562970
400055
292913
317655
33050
2038396
1341156
1379909
1962403
1261130
2571030
1286632
1232681
1233460
645990
1262743
1576550
1965550
413434
1263106
2094025
104099
2282170
173675
1850347
1717717
2072847
1231623
679897
331697
74426
2016530
545694
2528000
1263074
442714
2604537
1874826
1261636
1770526
2080288
1166337
238
929556
883111
2137581
1262895
1736351
502682
670293
2201181
1803372
645617
343403
408074
853
1523413
2690220
91915
1938756
1929488
147207
2175091
1228997
516051
1262889
1541063
796620
2710881
688270
82801
1297617
313596
702113
643867
521097
1263069
2527994
1406840
2488993
1335309
1965537
1630648
693
1881040
2578118
1836467
2022802
1206816
1297750
1262910
1075417
2558360
304077
290633
880070
1121884
1088721
661488
1678841
2508721
1642647
1144305
28189
227084
683124
1323422
714995
980251
241145
1965586
1965654
661191
477680
2488634
1090322
1176536
867900
1798803
89093
63186
2169535
446692
2486576
2026786
1356852
2592655
2059302
877455
153496
2569763
153721
1454006
1319815
261392
926559
272568
756272
1219035
2683588
2570926
1647451
641691
633147
224719
2528208
2692424
1523425
1965647
926556
1262949
555500
2320120
2502784
1220578
755732
1664318
223926
2172098
947013
502558
2697053
2044587
89584
1191459
2502780
1178778
1189612
984262
504486
555793
661481
1930276
472055
658088
1419482
447679
1670660
2070686
375926
2033437
1842495
1113929
2562683
866536
1581420
1397112
2292347
1188252
411463
359370
760192
2012632
54006
85962
435591
295089
634177
45254
2293108
1121954
1042156
1750698
1262954
1476466
1004
1678728
2233533
2219161
536441
2735134
2606448
1889779
983920
2292283
1938669
1780377
1420591
1965619
1263108
1225176
1121955
1302689
1121898
1671868
1299341
1218801
861298
946077
1740090
1775430
1094466
2590900
267128
656744
2489173
243277
2038371
1185767
1262758
999419
1002804
1643451
415425
2485105
1262958
1227739
97138
874156
1784713
1779330
1735670
1803846
2488860
1096750
89968
1492898
1235799
1965558
1262943
1004836
1150368
242619
983544
1736584
2530454
2023067
1206458
2558361
1203610
1263070
2494373
2697054
2162893
1127692
1736674
883096
319238
1071918
1849968
1262978
369401
2664451
1073325
480520
2562682
927664
1727145
84035
1250295
1250229
388280
500633
1080225
1250029
2602768
158847
1648404
2698828
354630
1235792
1739330
2184000
2583587
411473
1442587
2506422
1719036
758820
2508719
1539049
1004304
1603897
490189
1048983
2491711
1739114
1107311
1640674
2292706
1476464
2219864
1123057
1263016
1609758
391598
390640
1664068
1620392
1736366
498718
1965549
425513
700598
699437
2029983
930804
1307761
1727164
2058346
688867
742766
2292231
515620
1346330
2021370
2571272
313606
1159016
2478663
2057808
1262979
415956
239
1798225
2530452
1302690
552398
171383
1101402
2607284
1239962
561061
1852021
1703345
475255
755172
1257021
718252
2528174
1544
1720313
266810
1465490
1536652
886377
1219065
1913577
2650472
485917
1262685
1262851
2487322
1739113
990271
2169409
62763
1229520
2653158
1336752
754435
1609969
652787
2049045
1735672
104098
2565924
283786
2510794
2682090
2502781
2169414
1118202
624315
1653434
2126553
1230530
487797
634452
2527980
2116516
1128970
1293412
2653142
1304281
2518989
929704
870482
2547600
1178825
2135623
1837929
409
1197477
1499967
1144750
1168039
445975
1855384
989
511062
997884
2571155
1642818
1122941
926562
2069292
1262881
579105
2015558
2571271
402612
2015574
2559571
1736289
1229726
2585771
1300341
84158
2056856
2487017
706186
570521
1406902
745368
1001886
2283635
1120975
1871047
2708301
2292053
2079460
525254
1891971
572010
754429
1262937
700015
221126
1965538
990268
2171976
2201324
1263052
1268635
1382456
2567861
1936081
2557994
474394
717960
1262928
515619
665956
556261
1041826
1241337
1295612
225843
1627892
1155689
643671
469616
547558
871325
2488728
1905758
2341117
264023
2126353
2482724
1848903
1434700
558152
79604
1850526
363852
230658
2518177
1073328
269798
1259464
1880856
2169410
2507538
2743610
1727163
46506
522772
2027857
1913578
1813871
1038014
2597670
1232426
1121895
270914
742818
1034807
693979
1262890
572036
2607730
1382798
1729581
1932778
291179
423350
1079859
1383885
2575867
1121345
298386
1262953
1358423
2153364
1445657
2705549
1510841
2070510
670289
29495
639310
1121097
338188
2069432
1224947
226186
323412
37752
1884364
1262875
1315976
565045
1603293
1393122
990
2135627
2591822
683125
2589995
632245
1336796
1216006
1329262
2710880
46507
2294116
694427
38313
2529032
1965582
1929267
1262736
1472761
1262693
1046627
1812012
2003629
430522
911197
425514
2212467
1262741
350814
203275
388413
531844
471855
394340
398053
320778
2583814
675813
1262877
1965630
1751427
2292244
2003188
1481926
1137281
1909700
1481914
326297
2305228
272559
1886027
1262930
1235794
1965585
2571270
1391627
685
1229276
1263041
990371
2218606
745014
314292
619805
1411316
1445607
1457233
1965588
1763534
556259
435590
1124188
1739529
714943
1338009
59602
190976
1871037
754436
128944
188932
1268550
858640
1572751
1234841
929713
658445
1150600
468056
1123071
297318
2681965
1434842
1965557
763034
552357
385682
2008672
1985173
1918946
1764963
2545455
608534
1453498
1262739
2567937
287099
412034
192149
1473216
419940
712711
1262744
1078050
1150112
1005995
1911586
54007
1356854
2594428
762903
1266046
429344
1566023
237018
1347342
1005043
2604148
138073
391596
47678
390241
2293102
1176587
1737061
2011094
2590199
445974
2047982
1262876
1354267
2662364
663321
1125876
2171749
1736295
1317122
28113
2578108
85831
2560852
1792845
1208922
1168065
2530453
1520817
649764
213248
820
2605428
237258
1736297
247639
334413
1385664
2724191
652788
469378
797291
1056511
1121098
1965572
2080416
1577780
2600309
428126
1453500
1121886
869209
2576776
262005
1881049
470826
2583851
1509483
2015575
883114
862517
2283627
2292284
2562294
57664
1965616
1915063
2736252
865937
1603038
768670
1965571
1936080
604330
1971595
642227
351673
1679444
398720
49278
2728022
229205
595494
2482727
1262868
150146
1776032
754409
270498
1263100
551991
471870
2094121
391603
2292281
414048
1262897
2259619
1221520
745411
754417
356322
744872
411471
710394
425511
2695275
2654236
1515746
433286
357804
1002805
1236989
662367
591202
1588750
1109412
551996
243265
2060066
28173
351671
1263062
2682091
1537566
1355330
742742
1132028
2707525
2741
708126
1965579
2594266
1851571
1538644
1685377
2695274
1822214
929813
1398203
1226323
797292
663278
2338552
2740462
1235809
2304548
2086273
1265313
1379858
260552
408657
280093
2234116
2483459
1855299
2320107
339860
1189619
1649169
2305909
1262998
1605367
1263080
543615
1121868
2015582
314285
1427518
2077091
573413
1646377
1166018
218491
2029590
1905677
1262767
28114
1262913
156586
1884657
1278244
420404
351679
2608001
2153357
1981510
1354337
406817
1141660
2067454
653929
1586267
1124991
2699502
1965631
1262935
371042
634113
1862386
2516557
2529274
888064
545695
1306519
1285928
869213
2614655
342950
43662
270921
252514
2529856
1469603
471854
2541731
743722
471881
247634
216432
908615
632
2502893
745277
2652292
281689
1379870
1517760
2602761
2152761
1859457
693444
29486
104623
1822254
2282123
1891675
626937
1080224
2283433
865938
2541721
323850
158822
2527989
1263095
1550579
2479847
675812
1410619
55209
648757
1332070
889453
496057
2267226
2520506
575788
1822242
1736225
1477437
1433126
910964
1912096
2509004
1868623
2173175
1185876
1354272
466109
550540
1987381
983548
2558277
465817
1080227
1262854
1129793
2487118
1239307
867902
1245745
2022746
1082580
1965632
1723761
660596
692418
2590031
1834519
1441930
1628148
1076551
2735870
265726
198628
714314
1945886
638
1367852
331648
684065
61647
1619313
1526571
2740817
1712378
1411621
1324864
2164068
1889772
1628855
1623450
1548750
563176
1434707
525373
1987579
1115512
630626
1199245
380703
701347
866499
457415
880074
2342
533325
2485118
252393
2183553
1884656
1965623
2054186
1764958
163
1262963
1851514
283737
138074
914128
2576758
879308
667129
69222
2569539
1331007
1864822
357233
82985
1006004
1432552
623280
35688
1432561
1125630
1432554
272620
574
39831
1162296
1912856
2579935
1005994
1864824
322505
61651
1262927
1085623
2172099
2555642
1005999
1560201
155865
1453496
244362
2058089
2066051
1912097
2292190
1487935
1263102
1262878
1690483
1827365
300267
83334
83333
2015555
506534
2058134
59203
41514
99287
2508867
299255
1150389
908338
623
1938339
1262698
161398
562729
1399146
709991
649349
2183582
2044944
2496866
636
1262778
1805827
435910
1115515
2520507
1907416
1224318
891974
2582917
290338
71657
1178516
1124982
2015573
888059
1262749
48467
637910
2587529
1858656
1799789
1262923
1262783
1230734
2594794
1262938
65700
1121923
1629
2303987
2562891
2594476
2025587
33074
1262692
1365250
1265
2029982
1117314
82979
1723759
1562698
115555
2559237
1784714
623281
2665162
2282215
1658618
2259342
1978230
1262933
39495
1710701
1656094
2022662
151081
28115
2546219
1965591
1127673
585502
1262821
2572577
2497989
2480798
2058087
740709
1928574
43658
1123402
400065
1263001
1123500
1262920
867
2518645
1655234
1158606
2303538
1263089
706191
634436
2161813
748831
2044610
1139996
1871336
1635327
1262922
496056
152573
1517416
762983
2479857
2024222
742725
2058332
505341
385025
1859473
1614
1889913
283942
1481894
589873
2786
2545632
1036674
718193
1513271
675817
493475
2175803
1856405
1195246
1521931
1763998
2593649
218495
1922217
748857
1129794
1849041
1632859
1349421
1410383
1328313
28161
568817
1463156
1521930
1871043
1484116
1537504
2026800
448386
1742724
2576071
1520815
1262918
505317
1267021
1238426
1262974
436295
1628856
1872122
716813
593135
1122148
36874
907348
1798182
1896222
1739394
1123324
2552945
754027
1515613
2684397
1323738
179995
1445514
40518
349064
371142
1327752
879243
1515615
2419773
869211
2769
1125723
2203219
1202724
887901
1329640
260710
323273
1313304
1497953
1291764
54736
1221538
374463
2508949
1111134
1090375
1262880
1125699
283909
7029
1940821
1235990
512643
390919
584609
1932666
1429439
137591
2078
1262934
410358
243899
1085538
1423815
1859130
2681972
1279009
1898207
1629334
1604835
1263105
461836
265668
1612
442562
1321815
1847728
1423811
545
2057026
526227
1644118
1227551
2026184
936375
670487